%YAML:1.0
---
DatabaseSize: 99
Entries:
   -
      path: "Dataset/train\\01_1.jpg"
      vector: !!opencv-matrix
         rows: 64
         cols: 1
         dt: f
         data: [ 0.837901056, 0.614864886, 0., 0., 0., 0.491847813, 0.,
             0., 0., 0., 0., 0., 0., 0., 0., 0., 0.8065992, 0.348387092,
             0., 0., 0.317460328, 0.765450656, 0.780393958, 0., 0., 0.,
             0.25621891, 0.71662128, 0., 0., 0., 0., 0.958846152,
             0.792045474, 0., 0., 0.9455809, 0.778936982, 0.657239795,
             0., 0.943138957, 0.967335999, 0.851822913, 0.813322365, 0.,
             0., 0., 0.627017558, 0., 0., 0., 0., 0., 0., 0., 0., 0., 0.,
             0.107142858, 0.142857149, 0., 0., 0.15384616, 0.866478384 ]
   -
      path: "Dataset/train\\01_2.jpg"
      vector: !!opencv-matrix
         rows: 64
         cols: 1
         dt: f
         data: [ 0.895082176, 0.616244435, 0., 0., 0.339041084,
             0.417322844, 0., 0., 0., 0., 0., 0., 0., 0., 0., 0.,
             0.759592354, 0.55030489, 0., 0., 0.719524503, 0.926551759,
             0.522784829, 0., 0., 0.561500013, 0.653446019, 0., 0., 0.,
             0., 0., 0., 0., 0., 0., 0., 0.788634181, 0.328571439, 0.,
             0., 0.693111956, 0.866784751, 0.558370054, 0., 0.,
             0.366666675, 0.684108555, 0., 0., 0., 0., 0., 0., 0., 0.,
             0., 0.4375, 0.767600596, 0.425531924, 0., 0., 0.540682435,
             0.909834862 ]
   -
      path: "Dataset/train\\01_3.jpg"
      vector: !!opencv-matrix
         rows: 64
         cols: 1
         dt: f
         data: [ 0.930383921, 0.652027011, 0., 0., 0.390776694,
             0.819116652, 0., 0., 0., 0., 0., 0., 0., 0., 0., 0.,
             0.679505825, 0.407407403, 0., 0., 0.917626917, 0.922265232,
             0.711700857, 0., 0., 0.269230783, 0.266233772, 0., 0., 0.,
             0., 0., 0., 0., 0., 0., 0., 0.707010984, 0.496653289, 0.,
             0., 0.770158231, 0.87256366, 0.572396278, 0., 0.,
             0.326530606, 0.533613443, 0., 0., 0., 0., 0., 0., 0., 0.,
             0., 0., 0.50369823, 0.516732275, 0., 0., 0.873333335,
             0.932619214 ]
   -
      path: "Dataset/train\\02_1.jpg"
      vector: !!opencv-matrix
         rows: 64
         cols: 1
         dt: f
         data: [ 0.864768147, 0.380952388, 0., 0., 0., 0., 0., 0., 0.,
             0., 0., 0., 0., 0., 0., 0., 0.915802062, 0.22794117, 0., 0.,
             0.730680346, 0.54750675, 0.314569533, 0., 0., 0.,
             0.142857149, 0., 0., 0., 0., 0., 0.939884961, 0., 0., 0.,
             0.967380464, 0.642334759, 0.505208313, 0., 0.827881634,
             0.628599644, 0.870446622, 0.867351472, 0., 0., 0.142857149,
             0.538819849, 0., 0., 0., 0., 0., 0., 0., 0., 0.,
             0.235294119, 0.550309598, 0.323333323, 0., 0., 0.356846482,
             0.889821231 ]
   -
      path: "Dataset/train\\02_2.jpg"
      vector: !!opencv-matrix
         rows: 64
         cols: 1
         dt: f
         data: [ 0.976901352, 0.432816535, 0., 0., 0., 0., 0., 0., 0.,
             0., 0., 0., 0., 0., 0., 0., 0.557944596, 0.242346942, 0.,
             0., 0.418896317, 0.824467182, 0.270053476, 0., 0., 0.,
             0.0416666679, 0., 0., 0., 0., 0., 0., 0., 0., 0., 0.,
             0.503255785, 0.0399999991, 0., 0., 0.576847613, 0.792756259,
             0.585774064, 0., 0., 0.392857134, 0.701559007, 0., 0., 0.,
             0., 0., 0., 0., 0., 0., 0., 0.723448038, 0.217391297, 0.,
             0., 0.623507082, 0.946749091 ]
   -
      path: "Dataset/train\\02_3.jpg"
      vector: !!opencv-matrix
         rows: 64
         cols: 1
         dt: f
         data: [ 0.954246342, 0.415887862, 0., 0., 0.441176474,
             0.204545453, 0., 0., 0., 0., 0., 0., 0., 0., 0., 0.,
             0.879450142, 0.186440676, 0., 0., 0.89309448, 0.882960975,
             0.1626506, 0., 0., 0., 0., 0., 0., 0., 0., 0., 0., 0., 0.,
             0., 0., 0.753822327, 0.0357142873, 0., 0., 0.729321837,
             0.887889504, 0.791095912, 0., 0., 0., 0.515060246, 0., 0.,
             0., 0., 0., 0., 0., 0., 0., 0., 0.826550126, 0.333333343,
             0., 0., 0.571372211, 0.916910231 ]
   -
      path: "Dataset/train\\03_1.jpg"
      vector: !!opencv-matrix
         rows: 64
         cols: 1
         dt: f
         data: [ 0.785492897, 0.864174604, 0., 0., 0.516129017,
             0.691927493, 0., 0., 0., 0.361111104, 0., 0., 0., 0., 0.,
             0., 0.92220813, 0.311881185, 0.349999994, 0., 0.467532456,
             0.510523319, 0.839911819, 0.365384609, 0.272727281,
             0.390909106, 0.292134821, 0.621794879, 0., 0., 0., 0.,
             0.950156093, 0.0806451589, 0., 0., 0.354761899, 0.688048244,
             0.113861389, 0., 0.636904776, 0.920215428, 0.904485166,
             0.843141854, 0., 0.276315778, 0., 0.757201135, 0., 0., 0.,
             0., 0., 0., 0., 0., 0.571428597, 0.872526169, 0.745069027,
             0.107438013, 0., 0., 0.424731195, 0.875361204 ]
   -
      path: "Dataset/train\\03_2.jpg"
      vector: !!opencv-matrix
         rows: 64
         cols: 1
         dt: f
         data: [ 0.982907474, 0.214285716, 0., 0., 0., 0., 0., 0., 0.,
             0., 0., 0., 0., 0., 0., 0., 0.776493251, 0.429906547, 0.,
             0., 0.723542929, 0.832259893, 0.619565189, 0., 0.,
             0.200000003, 0.231481478, 0., 0., 0., 0., 0., 0., 0., 0.,
             0., 0.608128846, 0.665325642, 0.340909094, 0., 0.,
             0.839712918, 0.894512653, 0.438725501, 0., 0., 0.,
             0.227272734, 0., 0., 0., 0., 0., 0., 0., 0., 0., 0.,
             0.809710264, 0.303030312, 0., 0., 0.474056602, 0.946317375 ]
   -
      path: "Dataset/train\\03_3.jpg"
      vector: !!opencv-matrix
         rows: 64
         cols: 1
         dt: f
         data: [ 0.924985766, 0.636579573, 0., 0., 0.605000019,
             0.758130074, 0., 0., 0., 0., 0., 0., 0., 0., 0., 0.,
             0.786429882, 0.313664585, 0., 0., 0.925793052, 0.911792457,
             0.582375467, 0., 0., 0., 0.236842111, 0., 0., 0., 0., 0.,
             0., 0., 0., 0., 0.159090906, 0.732741117, 0.3617284, 0., 0.,
             0.864641845, 0.829469085, 0.58161515, 0., 0., 0.,
             0.213836476, 0., 0., 0., 0., 0., 0., 0., 0., 0.,
             0.566176474, 0.890537262, 0.254098356, 0., 0., 0.945661902,
             0.936803401 ]
   -
      path: "Dataset/train\\04_1.jpg"
      vector: !!opencv-matrix
         rows: 64
         cols: 1
         dt: f
         data: [ 0.864395678, 0.731929839, 0., 0., 0., 0.753089726,
             0.828412414, 0., 0., 0., 0., 0., 0., 0., 0., 0.,
             0.523222089, 0.357142866, 0., 0., 0.624726474, 0.787387013,
             0.874467134, 0.579365075, 0., 0.823529422, 0.874074101,
             0.751824796, 0., 0., 0., 0., 0.960685372, 0., 0., 0.,
             0.863376081, 0.44561404, 0.34375, 0., 0.950544059,
             0.281578958, 0.595256627, 0.895754933, 0., 0.166666672,
             0.454545468, 0.906093895, 0.952284694, 0., 0., 0.,
             0.929583907, 0.777472556, 0., 0., 0.952627957, 0.488294303,
             0.672084153, 0.200000003, 0.555555582, 0.50939852,
             0.655563176, 0.868145585 ]
   -
      path: "Dataset/train\\04_2.jpg"
      vector: !!opencv-matrix
         rows: 64
         cols: 1
         dt: f
         data: [ 0.976830304, 0., 0., 0., 0., 0., 0., 0., 0., 0., 0., 0.,
             0., 0., 0., 0., 0.821787119, 0.142857149, 0., 0.,
             0.894895077, 0.817502618, 0.657246351, 0., 0., 0.,
             0.838127315, 0.656862736, 0., 0., 0., 0., 0., 0., 0., 0.,
             0.258620679, 0.714285731, 0.365079373, 0., 0., 0.596005797,
             0.823606491, 0.931423604, 0., 0., 0., 0.618686855, 0., 0.,
             0., 0., 0., 0., 0., 0., 0., 0.662162185, 0.900204659, 0.,
             0., 0., 0.801756561, 0.970332503 ]
   -
      path: "Dataset/train\\04_3.jpg"
      vector: !!opencv-matrix
         rows: 64
         cols: 1
         dt: f
