%YAML:1.0
---
DatabaseSize: 99
Entries:
   -
      path: "Dataset/train\\01_1.jpg"
      vector: !!opencv-matrix
         rows: 32
         cols: 1
         dt: f
         data: [ 0.307096899, 0.186344013, 0.0733317062, 0.553409934,
             0.0134441461, 0.00114071532, 0.0497840792, 0.352562547,
             0.0454656594, 0.0089627644, 0.00391102443, 0.0183329266,
             0.0392732024, 0.00431842264, 0.102256991, 0.41872403,
             0.287704736, 0.0821315125, 0.00994051993, 0.0913387164,
             0.00439990219, -9.4587449e-11, 0.0079035284, 0.0743094608,
             0.398517072, 0.0839240626, 0.0208587963, 0.080501914,
             0.400146663, 0.0884869248, 0.440071702, 1. ]
   -
      path: "Dataset/train\\01_2.jpg"
      vector: !!opencv-matrix
         rows: 32
         cols: 1
         dt: f
         data: [ 0.298994988, 0.298064411, 0.0576028302, 0.455425292,
             0.0077238041, 0.00158198399, 0.0343383588, 0.372696817,
             0.0579750612, 0.00586264674, 0.00158198399, 0.0068862834,
             0.0465289429, 0.00474595185, 0.130187973, 0.478782803,
             0.299181104, 0.0715615153, 0.0110738883, 0.0452261306,
             0.00390843116, -4.36557457e-11, 0.0046528941, 0.0615112595,
             0.696259081, 0.0582542345, 0.0152614927, 0.0427135676,
             0.578261673, 0.062069606, 1., 0.851014316 ]
   -
      path: "Dataset/train\\01_3.jpg"
      vector: !!opencv-matrix
         rows: 32
         cols: 1
         dt: f
         data: [ 0.264631957, 0.203321353, 0.043357268, 0.555924594,
             0.00520646293, 0.000538599561, 0.0306104124, 0.541292608,
             0.052244164, 0.00529622938, 0.0008078994, 0.00897666067,
             0.0333034098, 0.00197486533, 0.113464989, 0.772351861,
             0.415798903, 0.085188508, 0.00170556549, 0.0656193867,
             0.00314183114, -2.91038305e-11, 0.0028725313, 0.0644524246,
             0.562298, 0.0552962273, 0.00502692955, 0.0502692983,
             0.399730682, 0.0345601439, 0.449102312, 0.99999994 ]
   -
      path: "Dataset/train\\02_1.jpg"
      vector: !!opencv-matrix
         rows: 32
         cols: 1
         dt: f
         data: [ 0.330446839, 0.158892244, 0.0526100807, 0.429866821,
             0.017155461, 0.00294093601, 0.0468099006, 0.452087224,
             0.0642921329, 0.0112735881, 0.00253247283, 0.0227105618,
             0.0389674045, 0.00620864285, 0.0999101326, 0.562944174,
             0.302344561, 0.0912507102, 0.00727064768, 0.106445551,
             0.00408463366, 2.91038305e-11, 0.00678049168, 0.0927211791,
             0.410260588, 0.098684743, 0.0126623642, 0.104484923,
             0.322277576, 0.0741769448, 0.305693984, 0.99999994 ]
   -
      path: "Dataset/train\\02_2.jpg"
      vector: !!opencv-matrix
         rows: 32
         cols: 1
         dt: f
         data: [ 0.262495309, 0.183214694, 0.028325215, 0.340052456,
             0.0102660172, 0.00104908203, 0.0235294122, 0.44031474,
             0.0569501705, 0.00891719759, 0.000374672178, 0.0158111658,
             0.0279505439, 0.00247283629, 0.0724615976, 0.516897738,
             0.306406885, 0.110977896, 0.00389659056, 0.0693892837,
             0.00284750853, 0., 0.00299737742, 0.0613713004, 0.556463122,
             0.06961409, 0.00771824643, 0.0739602819, 0.28932184,
             0.0390408412, 0.249082059, 1. ]
   -
      path: "Dataset/train\\02_3.jpg"
      vector: !!opencv-matrix
         rows: 32
         cols: 1
         dt: f
         data: [ 0.30023703, 0.214028612, 0.0383636206, 0.466684222,
             0.012553771, 0.00289702415, 0.0342375562, 0.57984376,
             0.0488104634, 0.0100079011, 0.00307260128, 0.0203669555,
             0.0329207256, 0.0043016416, 0.0933192894, 0.760776043,
             0.382494956, 0.117548943, 0.0043894304, 0.0938460156,
             0.00465279631, 1.01863407e-10, 0.00482837344, 0.0755859911,
             0.447897464, 0.0852427334, 0.0129927136, 0.0860328302,
             0.329295069, 0.0510929674, 0.353524715, 1. ]
   -
      path: "Dataset/train\\03_1.jpg"
      vector: !!opencv-matrix
         rows: 32
         cols: 1
         dt: f
         data: [ 0.30597645, 0.18590878, 0.0499961525, 0.446965605,
             0.0116914082, 0.00423044385, 0.039689254, 0.399430811,
             0.0418429337, 0.00746096438, 0.00392277492, 0.0157680176,
             0.032535959, 0.00376894069, 0.104222752, 0.572417498,
             0.320667654, 0.103068992, 0.00861472171, 0.0851472989,
             0.00299976906, -8.73114914e-11, 0.00607645558, 0.0628413185,
             0.350203842, 0.0735328048, 0.0144604258, 0.0791477561,
             0.254288137, 0.0628413185, 0.317283273, 1. ]
   -
      path: "Dataset/train\\03_2.jpg"
      vector: !!opencv-matrix
         rows: 32
         cols: 1
         dt: f
         data: [ 0.179426879, 0.10329888, 0.0198056567, 0.291762084,
             0.0034040974, 0.000185678058, 0.0144828865, 0.325741172,
             0.0417156667, 0.00618926808, 0.00167110236, 0.014111531,
             0.0204864759, 0.00204245839, 0.0607786104, 0.592746198,
             0.265086353, 0.0519898497, 0.00167110236, 0.045367334,
             0.00328031206, 2.18278728e-11, 0.00408491679, 0.0474097915,
             0.36324814, 0.0484000742, 0.00649873121, 0.0609023944,
             0.208578333, 0.0276660267, 0.206535876, 1. ]
   -
      path: "Dataset/train\\03_3.jpg"
      vector: !!opencv-matrix
         rows: 32
         cols: 1
         dt: f
         data: [ 0.230123073, 0.161741957, 0.0294009298, 0.378454059,
             0.00677916175, 0.000663178798, 0.0261587221, 0.506521285,
             0.0365485251, 0.00501068449, 0.00132635771, 0.0100950561,
             0.0243165586, 0.00331589417, 0.0809815079, 0.721243858,
             0.30484122, 0.0737602264, 0.00132635771, 0.0582860522,
             0.00191584998, -5.82076609e-11, 0.00309483474, 0.0512121469,
             0.40284431, 0.0498121008, 0.0051580579, 0.0486331172,
             0.229312509, 0.0330852568, 0.286566943, 1. ]
   -
      path: "Dataset/train\\04_1.jpg"
      vector: !!opencv-matrix
         rows: 32
         cols: 1
         dt: f
         data: [ 0.341671765, 0.248670802, 0.0563061126, 0.500740886,
             0.00706005422, 0.00165606197, 0.0268456377, 0.45227927,
             0.0557831451, 0.0106336614, 0.00252767373, 0.0170835871,
             0.0244922861, 0.00479386374, 0.0703390613, 0.537784398,
             0.424562037, 0.120108083, 0.0101106949, 0.0984049514,
             0.00174322317, -9.4587449e-11, 0.00427089678, 0.0834132358,
             0.547807932, 0.0993637219, 0.0183038432, 0.0878584534,
             0.346988589, 0.078532204, 0.362328947, 1. ]
   -
      path: "Dataset/train\\04_2.jpg"
      vector: !!opencv-matrix
         rows: 32
         cols: 1
         dt: f
         data: [ 0.204866663, 0.149133593, 0.0188029986, 0.245913744,
             0.00374831026, 0.000245790812, 0.012473885, 0.278849721,
             0.0497111976, 0.00540739857, 0.000614477089, 0.0100159766,
             0.0178198367, 0.00129040191, 0.0484207943, 0.53023231,
             0.258940637, 0.0744131804, 0.00405554892, 0.0535824038,
             0.00165908819, -2.91038305e-11, 0.00258080382, 0.0478063188,
             0.388288081, 0.0559174158, 0.00510015991, 0.0524148978,
             0.227233633, 0.0264839623, 0.195956752, 1. ]
   -
      path: "Dataset/train\\04_3.jpg"
      vector: !!opencv-matrix
         rows: 32
         cols: 1
         dt: f
         data: [ 0.293265074, 0.203229621, 0.0378101617, 0.435919642,
             0.00882237125, 0.00212682155, 0.0287514757, 0.446553767,
             0.0501772352, 0.0100827096, 0.00204805029, 0.0122883022,
             0.0282000788, 0.00417487184, 0.0867270604, 0.610476553,
             0.33714059, 0.103584088, 0.00708940532, 0.0801102817,
             0.00496258354, 0., 0.0033083891, 0.0631744787, 0.415045291,
             0.0728633329, 0.0092949979, 0.0606537983, 0.315005898,
